1000 10 0.012
1000 20 0.029
1000 30 0.055
1000 40 0.090
1000 50 0.134
1000 60 0.185
1000 70 0.245
1000 80 0.318
1000 90 0.395
1000 100 0.482
1000 110 0.578
1000 120 0.685
1000 130 0.797
1000 140 0.958
1000 150 1.049
1000 160 1.217
1000 170 1.438
1000 180 1.554
1000 190 1.718
1000 200 2.062
1000 210 2.149
1000 220 2.259
1000 230 2.478
1000 240 2.765
1000 250 2.980
1000 260 3.281
1000 270 3.498
1000 280 3.753
1000 290 3.978
1000 300 4.439
1000 310 5.034
1000 320 4.814
1000 330 5.300
1000 340 5.567
1000 350 5.909
1000 360 6.292
1000 370 6.741
1000 380 7.095
1000 390 7.395
1000 400 7.932
1000 410 8.407
1000 420 8.593
1000 10 0.012
1000 110 0.586
1000 210 2.033
1000 310 4.710
1000 410 8.211
1000 510 13.461
1000 610 18.875
1000 710 44.684
1000 810 44.548
1000 910 45.793
1000 1010 62.028
1000 1110 133.869
1000 1210 151.840
